50 50
1.31538 4.5865 2.18959 6.78865 9.34693 5.19416 0.345721 5.297 0.0769819 0.668422 6.86773 9.30436 5.26929 6.53919 7.01191 7.62198 0.474645 3.28234 7.5641 3.65339 9.8255 7.53356 0.726859 8.84707 4.36411 4.77732 2.74907 1.66507 8.97656 0.605643 5.04523 3.19033 4.93977 0.907329 0.737491 3.84142 9.13817 4.64446 0.50084 7.70205 1.25365 6.88455 6.29543 7.25412 8.88572 3.06322 5.13274 8.45982 8.41511 4.15395
4.67917 1.78328 5.71655 0.330538 4.9848 7.48293 8.90737 8.4204 2.12752 1.30427 2.74588 4.14293 7.0982 2.39911 3.1754 6.52059 6.81346 3.87725 1.47533 8.45576 9.55409 1.48152 4.08767 5.64899 4.88515 9.61095 1.99757 6.29269 6.51254 8.03073 4.76432 2.0325 9.01673 1.42021 4.10313 8.85648 1.62199 3.65339 1.35109 4.55307 4.523 9.31674 2.15248 9.08922 8.6086 5.05956 8.17561 4.62245 6.32739 8.24697
7.02207 9.54415 2.89316 5.14435 4.14028 8.76566 7.29748 7.15642 7.06535 0.190924 5.24987 0.651939 4.88943 6.82049 9.16634 8.90019 1.39195 9.89362 4.46023 5.14659 4.39726 8.0665 2.11519 1.53604 6.1635 0.00878999 7.27335 4.17724 6.80562 8.3642 8.28708 0.817376 6.29572 2.13547 3.88823 9.47545 2.69215 2.84035 7.83865 2.82156 0.113162 9.83236 8.19726 3.98144 1.7688 1.57731 2.57169 1.01637 6.34717 7.9477
7.5294 6.3343 5.98217 3.18778 1.17437 5.26123 5.87989 7.02989 1.61688 8.60226 5.56836 3.16007 5.28548 5.88119 4.30848 3.70226 4.46866 3.87831 0.782632 2.53922 6.76237 7.28608 9.44753 9.40163 4.60434 6.61355 6.0564 1.50394 3.43818 5.22808 0.149506 6.42979 9.17848 9.70087 8.43975 4.55752 0.220837 7.0695 4.36638 7.5171 6.95679 7.53863 0.0425392 0.799169 9.03301 7.46679 0.0634169 5.18478 5.44023 2.15826
6.26861 7.0932 2.80289 3.7191 3.10169 1.03797 7.7588 0.552788 1.60274 2.97022 4.77804 5.19988 1.50312 8.33682 5.77776 3.31175 9.86883 0.0165742 0.293555 4.89652 7.38959 5.36267 1.22507 1.88276 6.14126 1.25933 9.54028 8.38102 2.59014 4.24336 8.97914 7.60617 4.51851 6.65503 2.09562 5.46975 1.75974 4.31908 6.87414 8.36207 9.73346 0.803531 7.69437 2.50155 7.69114 7.49252 6.81666 0.363676 2.21667 6.52622
3.71466 2.33691 1.65928 1.59758 6.61994 9.49157 6.21046 0.179445 7.21872 0.536944 5.19175 0.653563 9.7718 3.29056 7.43274 1.71379 9.39725 2.54957 1.23849 1.60083 1.05185 3.68562 3.27228 5.76776 7.58246 6.99791 9.35242 3.62084 4.55072 2.4044 4.21579 2.89766 2.16386 5.27439 8.63643 7.11564 3.82822 4.59763 7.95353 0.0322878 6.64689 1.86825 1.34039 9.46045 6.06001 3.47492 5.09658 8.34338 3.29434 6.31763
0.414204 7.67065 5.19303 2.20516 0.889927 7.06461 2.61779 3.78366 2.32608 4.69498 9.77238 0.342431 0.316388 5.91588 3.29579 5.36528 4.03581 9.6691 8.67514 1.4839 6.39523 9.31915 8.15407 5.72807 9.4525 1.55414 3.43613 0.965383 0.22405 8.56876 6.74525 6.9846 1.91984 3.45872 1.4071 2.21656 5.86016 0.263397 7.62344 0.773243 9.25503 4.30446 8.31256 6.01638 5.19337 1.61419 5.7436 5.31427 6.67049 5.48736
6.67965 5.71583 4.41313 5.02275 0.316565 5.22063 0.350595 1.07181 5.51829 6.11111 7.7203 4.86681 6.96996 4.8685 7.1045 2.76647 2.80104 5.3049 2.35403 5.97476 9.20252 8.21177 2.3027 8.99521 6.51515 9.35936 8.58766 9.52431 1.2295 7.02471 1.07739 0.998656 3.44576 7.57621 3.30758 5.73183 2.02482 9.74348 4.91841 8.04912 1.5958 1.49251 3.80608 4.24134 6.51295 0.601425 8.97657 9.01218 1.70796 0.314038
5.22215 2.77198 5.86862 8.11895 9.39871 5.79863 8.80784 1.89549 7.18919 0.72869 8.7906 0.898531 4.16796 6.74693 8.13047 7.6936 8.96524 4.86471 3.77485 6.87578 0.768218 4.77641 2.38019 9.75881 6.81199 3.624 7.94278 0.73511 4.83873 4.99657 9.32843 1.46196 0.80322 4.08177 9.6316 1.9808 1.96307 5.75679 5.85675 3.68203 6.00133 1.48787 9.95401 4.0274 8.19527 3.74249 4.79779 6.46495 7.99035 3.57672
3.34307 1.44897 6.66856 3.14699 6.02249 9.2083 5.16531 2.64133 8.33648 6.34619 4.58046 1.55873 6.65973 7.94881 2.88654 3.20611 7.19155 2.31895 3.73359 0.738503 5.66183 4.22552 2.93043 3.57526 5.89419 4.63059 9.44452 0.504816 5.95927 8.64172 1.04579 8.33378 6.58594 0.18916 1.94679 5.23072 7.19795 8.37082 6.59888 6.43027 5.34876 3.23429 4.4237 2.76668 1.17238 8.36375 3.32928 5.35956 9.2989 2.43229
5.96723 2.46974 1.96178 8.35997 6.23243 6.71648 8.71284 1.15607 6.76065 4.54547 0.322694 8.55082 6.61425 0.599598 2.79493 1.7642 8.97245 5.94159 6.90932 5.6934 4.34503 2.03158 2.72443 2.443 4.76952 9.61436 2.1741 7.82475 9.60055 5.734 1.29043 5.01854 5.05059 1.18397 6.68904 3.86707 8.31097 1.23444 6.48075 8.48695 1.05562 3.60967 7.19204 5.80969 1.57154 1.6911 6.71352 8.8651 3.41848 6.99639
7.91982 2.8222 1.69961 0.731837 7.50171 1.646 7.73202 4.33928 9.29321 2.66287 7.9278 2.13916 3.80628 9.28528 6.16563 3.56334 1.97901 7.9114 0.182512 1.14529 6.54629 3.82413 3.31292 9.14368 3.93451 8.31551 1.29609 9.4207 3.5206 5.71891 8.44201 8.17317 4.35375 3.49157 9.19119 7.4458 7.76418 6.12058 3.14608 1.25922 1.33293 1.26031 7.50525 4.58914 2.34676 6.83946 8.54236 1.20177 9.44193 0.602624
1.41179 2.27488 5.99194 0.537268 8.12305 0.318384 9.74467 6.7108 2.38217 5.89708 2.27762 4.47814 9.33005 5.13499 8.59511 6.09468 6.24005 6.4439 0.260003 2.07749 5.60325 1.20691 1.37716 5.426 8.866 3.62593 2.99211 9.13002 9.70299 7.97872 4.4872 6.93926 4.68209 4.01555 4.67209 5.17596 8.99267 1.36994 6.89134 4.09278 0.312551 1.92647 2.74869 4.08626 7.22293 6.32939 0.00275349 3.46431 4.92207 3.18549
1.38002 3.86913 0.561348 7.65532 9.61921 9.99092 3.49783 1.99 5.42825 2.01617 5.13759 6.0802 7.9845 1.46671 5.23785 5.71627 6.78709 8.44641 3.32073 7.44075 4.02784 5.55453 6.14501 6.13926 0.396633 3.43489 1.71394 4.23845 7.30373 3.65644 0.866058 4.18166 3.25262 5.63984 5.3186 0.602413 1.10132 5.49515 1.27237 0.59347 9.17977 8.58511 5.49302 8.46325 6.64346 9.73193 1.59347 2.83333 5.97956 0.62886
9.49394 2.82231 4.30824 1.98631 7.59196 6.72739 6.83365 1.68483 9.20936 0.0381843 1.78152 6.68274 5.17482 4.66967 0.936437 4.45121 6.52046 8.8235 2.03913 0.160746 1.09083 5.61133 2.45494 0.300402 8.86352 5.47401 4.87048 9.36609 5.48907 7.53337 1.72459 3.80426 9.67038 3.0139 8.90453 2.50356 8.39556 7.08479 5.263 0.915335 7.8213 3.07859 7.56626 6.45346 1.54232 4.55199 1.62428 4.09058 1.67285 9.85431
3.3357 3.54326 3.2215 6.41376 0.376828 0.782141 4.91122 2.52718 6.58614 0.0166435 1.0087 9.55516 1.65406 1.16442 9.60956 2.2039 2.54563 2.43011 5.49228 8.51649 5.5761 9.01996 7.59697 9.9829 3.7504 7.45522 7.66313 6.41665 1.02468 8.63361 9.30975 2.91166 9.754 8.30669 1.89622 7.65209 0.323388 3.75437 1.93147 5.96947 5.49478 7.76984 7.08398 8.83565 9.94661 4.99773 7.48435 6.89707 1.71227 2.82828
9.10853 3.99308 9.02494 5.48365 2.63153 2.35834 3.35606 4.52883 6.67104 8.19205 5.41796 7.46284 7.58699 4.0675 7.0228 6.61177 2.76393 3.01463 9.54292 9.02304 9.7424 4.09958 7.96038 6.02006 1.09927 0.730384 3.83381 3.90933 5.59109 6.9903 0.111431 3.87383 5.6569 2.68586 1.6162 8.0831 1.91671 6.48154 0.728548 3.78955 4.93255 2.16246 3.53126 8.92149 4.3915 9.82168 5.76638 1.43244 4.99835 0.825976
1.72927 3.74622 1.64685 2.45427 7.91156 2.50746 5.49814 5.1529 3.51869 4.1221 9.15687 5.68632 4.00523 8.06355 0.434072 1.30099 9.6922 2.07209 8.30683 3.06062 9.84922 3.32869 0.823947 6.81656 2.04153 1.63937 1.97465 8.71827 0.907455 2.47026 5.1707 8.67991 5.96703 9.86729 8.22799 6.86431 6.27998 3.96655 4.20051 4.77759 8.13622 2.94793 4.7432 4.29241 4.64033 6.58065 5.62306 6.67623 6.52465 2.79692
0.0518158 0.591972 2.14659 2.53661 7.38162 4.7319 9.23061 2.50655 6.8391 4.73922 5.0639 8.35066 9.73102 1.48704 3.96488 7.70618 4.54478 6.36321 7.42002 2.72135 1.80408 7.87707 0.77255 8.41116 9.44811 9.45963 3.77179 8.28705 2.28601 8.61429 9.54651 8.69014 7.50104 4.17458 4.03707 3.62057 2.03926 8.23579 9.65837 4.16839 7.24963 4.151 6.0336 9.8743 0.0420215 1.30178 6.77832 2.36833 6.80744 1.45993
5.9878 0.737121 2.02964 7.32599 9.58215 7.40477 2.15447 8.3916 2.18624 2.70701 8.35845 6.22814 4.57732 7.25235 4.12836 1.02257 4.35772 2.42478 6.31842 5.4464 0.789411 0.482647 4.7033 3.38452 8.53798 2.78563 7.03332 8.70376 1.81981 5.30931 7.25291 2.35327 2.37746 8.223 8.67889 0.386598 4.87712 3.55253 1.65043 3.10328 1.50371 9.06707 5.91714 8.29331 2.11342 5.82117 1.55059 3.07525 3.68609 0.34971
0.652273 7.70594 3.02871 9.67253 6.97825 1.54431 5.65461 6.88987 4.58841 1.61797 0.124615 8.05494 5.63489 5.75652 7.28453 5.10826 4.74775 5.85182 7.25622 3.45189 0.32957 7.57572 4.09143 1.62533 0.346696 1.71729 9.47031 8.20092 3.32639 8.35034 4.41389 0.590458 6.44286 2.08885 6.88851 3.6702 1.23723 8.13234 5.40555 7.32887 5.49682 7.06819 7.20948 7.05298 3.822 1.84357 3.0414 7.00235 4.9026 1.79238
2.34011 5.27689 3.38934 6.74611 5.96737 8.20933 0.518739 1.38688 8.56061 0.222511 2.75584 0.991747 7.82175 7.97382 0.172278 6.26824 3.11988 3.20619 8.14288 7.37055 1.29753 3.16178 1.04098 8.83811 6.16127 8.78211 3.76962 8.03795 6.47873 0.630678 5.91894 3.31282 2.50697 1.58855 7.14764 0.719813 1.85877 2.37858 1.92756 3.44397 3.17012 9.80141 6.62178 9.28902 7.86237 6.5124 1.81159 2.57187 0.242924 4.83723
9.67667 8.85485 8.69281 1.91843 2.2577 8.17946 5.43713 1.83057 8.93645 2.79475 3.51769 6.93228 0.431582 2.44023 5.70678 3.51096 2.89279 3.20744 6.6245 9.33927 7.95015 3.07525 3.22907 0.591831 1.95004 5.15876 5.43225 6.12364 9.81289 6.43222 1.91306 1.71681 9.28788 3.97386 1.95916 8.01325 8.24259 5.70929 0.842391 1.09146 7.44114 6.59696 5.06807 1.75787 2.68008 4.54629 9.58915 1.74194 5.15791 5.9662
7.43142 3.4589 9.62922 0.995498 1.04408 7.94239 3.80101 1.39837 0.968658 1.21003 7.1328 5.79576 5.87647 9.95334 0.646321 3.75871 2.38461 9.82881 1.34113 6.41672 6.55652 3.51099 8.79341 1.71586 4.83427 0.960075 1.2307 1.2045 1.34091 4.21591 2.57837 5.69928 1.87079 1.54378 6.00612 0.971637 3.43297 9.17023 9.31294 2.45458 8.00032 5.86755 8.11845 5.16441 6.58865 3.83457 1.9445 5.59622 7.01768 2.63983
1.17474 0.511765 0.47252 7.93975 2.80112 2.23189 5.08137 2.99237 1.10282 1.46664 8.2239 6.87589 2.26136 1.63039 6.99001 0.823489 1.2716 2.3412 8.57696 3.68625 2.01087 6.89656 7.63624 0.131423 2.35599 1.84213 8.76697 0.54297 9.36927 8.85486 3.21922 1.7558 1.62713 9.85789 6.43997 9.38363 7.77723 4.42821 1.31522 3.40833 3.66313 7.25349 7.7319 8.66038 4.20443 6.55235 6.23929 4.73192 7.69784 2.63746
0.879195 5.66128 3.02735 1.41636 7.19641 7.52224 0.645333 6.9111 9.96059 5.81827 0.247698 4.66351 4.14182 2.13207 8.35104 1.85374 8.1746 4.67173 3.94445 3.25834 9.10829 5.10776 1.50726 9.42107 5.03177 4.90272 2.75718 9.03613 0.471862 9.02252 5.35012 3.0614 3.66519 9.6046 6.59514 5.83682 5.16957 3.7191 5.38491 0.443746 1.00432 5.80275 6.41703 8.16211 6.34231 1.67929 7.43836 6.70025 7.39727 9.31529
0.611399 3.62883 1.75809 2.64646 5.64113 4.80752 6.99477 8.13381 0.0203477 0.705907 6.26567e-05 9.72477 5.96175 3.14811 8.0363 2.27608 2.66703 2.02319 6.45802 5.86794 4.29148 2.13618 9.53473 3.53631 1.33557 2.20639 1.36822 6.82496 7.19747 2.59499 9.97153 1.96651 1.56116 0.61241 6.19122 3.51874 3.5863 1.46443 5.20889 8.62992 9.53591 8.60072 9.07256 9.50273 9.01834 3.67556 0.167438 3.27499 5.83021 9.30085
8.72381 9.16494 8.54533 1.36231 1.43851 6.27707 8.66559 6.10937 5.27873 3.67164 5.49947 2.96111 5.77584 1.87135 7.71319 5.48482 0.259106 7.63549 4.85026 7.84384 0.292358 8.58116 7.30151 3.32442 2.39789 8.12004 1.01678 1.94652 2.32136 2.04093 0.660737 9.81169 5.2742 3.64629 2.76647 4.51776 4.96214 9.32875 4.45769 2.70346 1.50233 8.66342 9.36504 9.18602 0.350082 1.72206 2.84482 5.43716 0.0197179 0.3166
6.14815 1.51077 6.10731 3.82257 4.52888 7.29952 1.42256 1.07314 9.68442 1.31947 1.28038 8.92666 6.06931 0.388291 2.32868 1.6727 0.683144 4.84787 6.83257 1.41342 9.07386 2.30527 2.48754 2.19152 6.52955 2.25699 0.913529 0.0790594 8.61796 6.9123 2.57662 9.47171 2.81286 1.9909 9.01877 6.1052 8.27823 0.19626 8.90322 6.42054 8.65903 0.942017 8.61275 5.18629 4.85735 0.0548941 1.66352 5.53569 9.75457 6.90166
6.89595 2.71148 4.20896 2.34315 4.21502 1.0224 4.30754 4.61433 6.32557 7.57867 4.226 5.66197 4.32824 6.03059 4.75158 2.31401 5.14811 9.78818 4.25526 6.69812 1.9696 7.82289 1.94742 1.45493 7.30906 4.87891 7.64767 0.281228 6.56879 1.09731 7.78219 4.44013 1.54141 5.93987 8.34945 6.02232 1.99563 4.87855 7.00175 4.09071 9.00591 1.74854 9.2389 5.58907 4.86288 5.32563 5.93498 1.5827 7.18541 4.06977
0.110114 0.586726 9.77116 2.40794 3.616 8.20726 3.14604 3.33783 6.45655 3.69621 1.53205 0.466009 6.07855 5.67751 4.16742 6.33235 6.9626 2.45704 8.31407 6.4586 7.29512 3.34894 9.65072 5.91994 0.268041 5.53802 2.902 4.97498 3.02191 0.0733731 7.53316 4.28637 0.0564456 4.52756 4.39123 6.72995 5.51991 4.07436 4.95659 2.9497 8.63532 3.33977 8.66305 1.10149 0.144928 8.70389 0.934018 9.0962 7.57851 8.49359
9.95458 3.46509 2.31068 5.49373 0.893411 1.9875 9.2974 4.9474 3.62681 7.55422 6.80556 4.43085 5.52801 7.2093 6.99591 7.84688 8.58579 7.90095 4.6146 5.04731 5.11728 0.169739 4.33937 9.36867 7.78927 4.94322 0.803609 9.45025 7.07826 5.09098 0.790307 3.67183 3.72159 1.74004 0.959763 9.55034 3.89076 6.10995 1.97273 4.54107 3.6705 7.62322 0.975465 6.92031 2.20423 1.76885 8.11201 2.46148 5.67826 2.64742
4.46475 0.529167 9.13758 6.30692 9.75788 3.53456 8.47888 9.61115 8.58274 8.67784 0.0661062 3.53425 6.26861 7.44073 2.57012 4.85276 1.42902 4.91754 2.95524 9.67996 5.71734 7.18894 7.75146 7.31582 4.1083 8.13283 5.24389 5.87103 7.36285 2.71432 7.41339 4.25502 8.44531 1.13458 6.84561 2.8767 2.49164 6.61595 0.190167 4.82199 1.25038 4.04797 4.82227 3.33424 0.500983 4.00283 6.09319 4.28414 4.26834 0.993327
4.7602 5.6899 0.814141 3.80451 6.36101 1.93755 0.596544 5.91948 8.8569 8.15259 7.95447 1.42941 2.1557 3.10631 6.08748 9.70521 8.85974 7.60733 2.21052 4.16761 1.03751 4.39634 7.81586 7.74786 0.470612 8.1604 5.61559 0.757743 2.67695 5.78984 6.40155 9.15817 7.62175 5.09753 9.56157 7.79604 9.54016 5.54308 9.10738 4.11858 4.54895 7.33423 7.91614 6.21247 5.50068 6.84372 7.49331 5.97392 8.24905 2.0906
9.00852 3.05808 3.26696 4.6529 1.40787 8.20126 2.77015 8.71225 7.88704 2.34234 5.69214 9.2033 9.78456 8.14702 8.64248 9.10694 6.29886 8.30622 5.65806 7.80092 5.25929 6.29726 0.632955 4.11825 6.66895 3.58241 5.09509 6.2658 9.49752 4.31935 0.482018 7.13588 1.34334 7.88174 4.52174 2.1142 4.56332 8.03589 1.63418 9.92865 3.89043 3.41669 2.08449 8.1333 4.35774 2.83645 3.63617 5.12893 3.39278 8.37318
5.35161 3.84958 0.835465 1.1062 2.67917 5.57788 8.9988 9.00944 2.39468 8.11853 8.31387 4.31661 7.40154 2.18798 5.88182 8.67864 6.82191 4.47492 1.79788 5.69453 4.39 4.6513 4.25763 3.35346 9.15491 1.34455 1.4603 9.5285 3.83717 9.22971 7.30003 5.53519 8.66185 1.92608 8.65555 2.25192 9.18075 5.4693 2.80889 7.96292 2.92202 2.19872 9.32158 0.34999 5.33905 5.98839 4.6299 5.58232 7.73404 4.47189
5.67101 2.9403 0.590107 5.35025 8.38745 5.52079 2.68333 8.834 8.28432 6.01171 8.8272 5.06748 2.77907 7.70617 1.76293 3.52666 6.98386 9.9523 6.02341 1.34081 3.86767 2.16716 9.89527 1.39968 8.19157 8.60828 9.08209 3.25281 0.0565812 1.75458 0.377142 6.69705 6.98223 9.91102 3.03332 8.61968 0.846605 4.66669 9.7805 4.97669 6.73037 4.01748 9.43989 0.73777 1.53777 7.78675 5.34952 2.37807 0.664659 5.00956
0.444766 4.48233 1.77788 6.12816 5.23019 6.68077 5.37696 7.05868 8.83197 9.0501 3.43673 9.15872 5.46813 9.94419 7.60099 2.99554 8.51921 2.1216 9.39316 9.49778 1.55022 6.50934 4.50696 7.25026 2.67938 4.72938 8.32153 9.49451 5.86391 5.88188 1.07076 6.84852 7.49134 8.59661 7.37805 2.75877 3.50368 0.226766 4.87276 3.25953 3.68784 5.74331 8.14282 4.09754 2.56468 6.59755 0.69665 4.76308 8.49083 3.58674
4.0852 5.95741 8.72976 0.622184 1.43298 7.98644 1.781 6.0611 0.971363 0.560196 8.90506 7.09199 0.85252 7.55784 9.4785 3.78838 4.17558 4.28152 0.467227 4.5101 1.10995 7.69987 7.85078 5.21226 6.4159 5.74007 0.0391206 6.12752 9.0895 8.60036 4.74453 7.28923 0.14469 1.00882 2.29924 0.859129 0.516147 1.8513 3.57565 3.41732 1.69709 9.80367 4.69439 2.24284 3.20691 7.61727 7.65198 5.41058 3.91523 9.90208
2.48439 5.68199 2.54077 6.32843 4.77774 1.73494 8.21438 7.05099 5.80371 1.42653 3.99252 9.54534 3.01044 3.49305 9.95526 6.03974 7.83852 6.75007 7.50192 2.46729 9.57315 1.41254 5.15115 9.47706 6.10991 0.443993 8.12413 7.14071 4.85273 3.69876 2.67889 8.56972 1.72002 7.30678 9.89939 7.09069 9.91622 2.71071 2.62741 8.95055 1.03718 3.67192 8.37568 7.30861 9.62926 7.10977 6.06785 9.39118 2.7392 1.03254
5.73295 2.9857 1.26258 4.12172 1.5399 4.34212 2.87302 1.68553 5.25031 1.00512 1.94513 0.470327 7.03405 1.73485 7.73571 7.47022 3.73752 3.58184 1.02653 1.10343 3.80757 2.11221 2.89607 2.40539 5.1312 0.702451 5.47478 9.34867 9.05185 8.56975 2.99507 8.23419 6.06855 3.7223 2.21356 7.48637 8.31034 7.16833 0.0718171 0.860302 9.00553 6.03941 0.189675 4.61016 4.98104 9.35537 7.90831 0.697546 2.9288 8.93969
6.74899 3.45987 5.49707 1.65453 7.73447 3.51501 1.60616 6.29866 2.79149 9.91817 9.60691 5.16422 8.15288 8.54029 3.52156 0.599838 4.48649 5.37966 5.79728 3.10049 3.95466 3.03747 4.16777 7.08618 8.44506 6.22166 5.73229 3.97462 9.53387 4.17817 7.93528 2.05415 2.63467 4.88013 9.91243 5.4002 7.46899 5.12547 2.44357 8.11173 3.81637 2.0057 9.31441 9.79397 4.82806 5.52303 6.54077 1.51073 8.80278 9.9159
5.25457 7.82394 0.975062 2.08892 2.46382 1.6041 9.47495 9.3944 7.02375 0.330282 7.26908 4.35416 0.875512 9.53985 8.01219 9.82149 3.79801 9.08002 9.95481 5.55297 2.21584 4.10441 9.95981 0.530516 2.25579 8.74764 8.01883 1.4901 4.85936 9.47178 4.01285 3.75099 3.94403 4.88059 5.98041 1.79254 8.04813 7.72304 3.9264 3.67594 1.41616 9.42099 6.25419 9.26625 0.870202 7.64297 6.19011 1.24938 5.64537 3.33646
2.20219 2.36101 7.99586 6.67558 7.58303 2.08468 0.555241 2.38571 4.94976 7.81999 4.32665 9.06617 9.07555 9.97924 4.67134 7.99383 0.350208 2.93181 7.48209 7.46216 7.03311 4.90762 5.12078 4.35566 3.12672 0.877835 6.12789 8.24957 2.06065 6.73403 3.65429 1.10153 0.790915 7.03097 3.65035 0.835137 9.2957 0.880791 2.98357 0.717595 9.78219 6.9096 6.93267 2.29875 4.25465 5.78737 6.12439 3.45898 3.93421 2.09813
7.21309 1.02408 7.35437 4.51841 8.72046 0.259729 9.17344 3.91218 5.39494 5.71228 5.35012 7.23339 5.57066 4.57543 2.67351 7.13575 2.49158 7.13267 8.08733 6.87145 0.95792 9.84673 6.51654 0.550051 9.56831 1.40634 4.34999 4.61514 3.35415 3.80416 8.54386 5.72242 3.85636 5.43398 0.544383 3.70312 8.76861 3.20095 0.518127 0.526487 3.93658 7.87759 4.47321 3.99721 3.10842 2.8568 8.42897 0.305042 0.845912 2.98354
9.89081 1.06438 5.91209 8.08957 8.60552 5.44071 6.70724 9.1212 8.2423 0.867977 4.81407 1.80082 8.70323 0.842173 8.47524 7.37802 8.57143 0.57017 7.35925 8.09852 5.56774 1.33184 5.84218 2.48035 7.56453 1.24036 9.75761 7.54274 7.85693 0.717763 6.7934 2.31164 4.49628 7.62218 2.14584 7.08872 3.49297 0.329645 7.82165 7.36157 2.02453 5.20622 5.60079 1.13809 8.72735 3.07937 2.06167 6.55088 2.78534 8.19551
7.69475 3.9414 6.47486 1.09507 4.79531 8.22263 9.67335 4.67219 0.577062 0.0155961 5.69258 6.98642 1.13544 4.33406 3.57258 9.34654 0.188861 8.37924 0.116003 1.60849 1.44965 6.8211 7.23612 3.13938 9.77013 0.648518 6.68174 5.7365 2.04684 9.66832 8.60198 4.69915 8.8512 4.25653 0.449716 5.1477 7.86563 2.43862 1.59926 9.83881 2.23809 3.35594 5.20599 5.14985 7.62672 1.74703 6.18845 8.19193 8.80939 7.14535
7.2765 5.25321 9.60594 0.783787 4.9228 8.79009 7.08308 5.12531 3.61994 9.39113 8.23934 8.52494 5.85407 6.91885 5.66063 6.91793 4.76185 0.154994 1.81561 1.59145 4.11338 2.5483 4.94654 9.44509 5.77052 8.16921 5.42212 1.06304 2.5574 0.570976 8.14627 9.52811 4.90826 7.38135 5.6107 6.00488 2.04333 3.95336 8.71278 7.76138 6.40654 5.24964 7.36347 3.85437 5.4869 8.65346 5.80732 1.6617 6.1984 7.25796
2.00458 7.15108 7.76135 2.63619 3.09982 6.07659 0.805822 6.76582 7.01563 8.78379 9.78598 9.33398 0.855888 0.457679 4.44745 9.56063 2.82973 2.08136 2.19529 8.89854 6.17798 4.05418 0.754502 7.37261 5.75293 0.423678 3.4474 5.435 9.33427 9.24544 9.2571 7.1542 0.606574 0.383465 3.6776 9.74732 6.23359 6.36671 9.74157 2.27024 1.91401 2.17737 1.40332 7.74702 2.30775 2.42405 6.28815 2.34835 4.20179 5.2068
6.6892 7.97661 8.63881 5.89593 3.90619 3.14406 4.91634 1.58515 9.59656 4.89481 1.25183 7.13029 3.01513 0.776404 5.41516 9.14238 2.8418 6.33888 6.48992 4.26879 2.2152 8.89153 7.72449 3.83241 2.12617 6.90197 7.14456 7.2834 6.41683 6.3051 3.36416 4.46995 3.87117 4.07172 8.66047 9.92897 8.76618 0.268344 7.69979 3.23485 9.23425 4.60236 9.51619 3.31978 3.12445 8.34826 4.35318 3.98257 4.6757 4.98195
50 50
8.78424 2.33887 3.76475 1.87558 2.296 6.93273 7.91754 5.24506 2.77915 9.84431 1.6151 7.28365 6.30816 8.23261 7.33862 1.86656 2.25189 4.94649 5.39695 9.55485 5.09446 0.780138 1.97738 8.83265 8.54574 7.58197 0.864218 0.710846 3.12602 1.5267 2.16644 8.23494 0.0725077 3.23852 8.42968 2.21906 7.66262 8.2972 6.20829 2.90677 0.968048 7.80053 5.98285 4.68167 7.80995 6.26062 6.17087 0.413246 6.02515 7.66065
2.50459 1.12627 2.92066 0.422149 4.11221 4.87036 8.4482 5.93189 2.72493 2.18562 9.65036 0.441685 8.14583 5.96045 8.51937 4.9192 9.21683 3.60214 5.82336 9.73169 0.690816 3.03003 2.19512 2.31307 9.10792 1.60179 3.91544 7.44448 2.75691 6.49526 4.26097 1.13973 0.0439822 1.68178 9.8508 7.5391 1.00699 0.67372 0.175699 9.37427 7.06969 1.15488 4.1706 8.85198 9.45044 4.16393 0.29052 1.80017 4.18039 9.36027
1.04518 4.11628 1.82855 7.6067 9.36939 2.14981 6.45986 0.582809 8.6045 7.72629 6.59123 6.99156 9.48427 6.79579 0.754717 7.05402 9.93233 1.69041 8.49853 3.79813 8.67909 0.843145 6.53936 1.32979 0.999214 6.47703 6.90285 7.49464 4.07929 9.05226 8.95451 6.16158 4.37387 9.33463 4.61421 1.38866 9.1632 0.769351 6.72234 9.13022 8.18037 6.9459 1.39856 6.90755 0.583194 9.0712 8.22479 7.23975 5.38658 0.795681
4.18488 5.2696 1.24476 0.404727 8.75232 0.716664 8.34317 3.04299 8.30736 1.24421 2.21612 7.60437 3.44169 5.93865 1.26456 6.60227 4.24379 4.21158 7.73242 0.569564 5.65083 0.892869 4.63286 9.71684 0.8337 8.67367 3.7172 6.5368 3.18564 5.09697 6.67451 3.96828 8.14515 9.11465 3.34241 6.02086 3.21918 1.84304 2.42507 6.26484 2.69123 0.883322 6.06107 9.6788 4.53622 5.67474 0.943025 0.570476 7.60786 2.67045
7.77562 5.29378 4.99132 5.9279 7.12816 0.697752 2.0925 9.89304 2.3971 5.32414 0.164947 9.5159 8.97896 9.91052 6.51392 0.620313 2.36217 1.97979 0.205232 3.52124 4.75281 8.73324 7.07598 8.59806 4.84443 4.67372 7.78888 2.3863 2.92069 9.00044 8.93249 7.84584 9.74052 2.3564 9.10783 1.57669 0.0102171 2.44805 3.82304 3.21355 1.85063 0.952198 1.36702 9.78857 9.61498 6.5965 1.5492 1.89145 0.870108 1.73261
4.80451 5.93986 5.78656 3.16707 6.6966 0.549204 8.65487 4.25935 8.17741 7.49951 8.73171 1.92842 5.65183 5.72471 9.46996 7.37233 7.36151 2.24064 0.475003 6.90311 8.61252 5.09665 7.44254 0.7381 7.64538 7.1942 7.27875 2.98891 9.72443 8.79088 9.94498 2.91128 4.86507 4.49553 7.54872 0.676177 0.645855 7.09481 4.20145 9.65349 5.39966 7.15514 6.39996 1.24499 6.92173 0.134808 6.29126 3.26319 5.77647 5.57084
4.55961 3.54983 8.3141 8.59732 6.5171 4.90358 1.64611 1.04793 6.75883 6.81385 2.79397 1.69308 4.98205 0.689345 1.19551 6.95592 6.87918 3.06998 3.88602 9.39181 6.24756 5.24123 0.619379 3.02743 6.51183 6.80991 8.09845 8.72053 1.86796 4.16894 6.8875 3.13733 3.39282 0.0774061 8.69333 6.76243 9.5878 9.27877 3.27747 2.85099 7.30905 6.2118 7.33074 9.53198 2.8748 8.42894 8.15068 5.91098 4.63339 5.86401
1.11969 6.79952 9.95114 9.99962 1.64792 0.147158 9.47886 8.14583 8.43136 6.48054 9.71083 8.84369 6.21683 2.4766 3.64713 1.73733 3.86154 5.75795 2.24902 2.32105 9.54913 5.65722 1.4799 4.88379 8.30862 6.95775 7.67762 0.350692 5.13156 3.99477 6.55125 8.08624 4.00932 0.623604 4.85623 2.46676 5.99073 3.36542 2.58997 5.05842 4.16198 4.36561 8.16497 7.66644 3.95484 4.57508 9.40716 4.01922 5.44692 5.11569
4.5867 0.183985 8.038 5.86314 9.67477 0.097142 1.63007 5.15167 1.68154 6.71873 3.63354 7.62849 0.474918 5.24983 5.8618 2.00045 1.09187 1.77548 7.6053 9.40899 9.02625 9.52494 6.8212 0.453164 2.50018 3.51842 8.8044 8.89048 0.36665 5.71682 3.5596 2.56549 4.36812 3.59544 1.7348 1.30017 5.32408 1.7468 0.592362 4.48986 3.90419 4.59242 5.56029 0.122133 6.92129 4.4907 8.84727 7.52962 4.17731 8.88306
4.74819 5.12768 9.502 8.47724 5.51611 1.22612 2.08501 9.9452 7.4441 4.77145 6.20492 3.30148 3.28066 5.08378 3.49784 3.70141 1.61954 7.09278 2.4982 8.50096 1.2052 5.41489 4.1184 7.03912 8.50142 3.16189 3.36995 6.6431 4.198 4.78412 9.33865 0.74403 7.13063 0.236364 5.20072 2.55918 6.28398 3.37557 6.196 1.00957 8.04087 9.21149 2.40061 8.22065 2.32574 0.528374 3.46943 2.42316 7.7505 8.87102
9.57978 0.714711 9.46092 9.64646 4.97419 7.08788 9.06947 0.00212477 5.0889 9.27345 1.06089 8.60525 9.56182 0.158273 9.42885 4.30917 6.13084 5.114 2.07696 7.98616 8.58854 3.37226 9.5753 1.05726 6.30424 3.23275 2.97045 7.47404 8.52647 4.87301 9.14217 9.00405 5.96696 7.04786 5.17069 7.36985 4.84648 9.57581 2.56166 8.59756 1.15568 6.03338 0.392777 6.04863 6.74419 4.49913 8.71012 4.02843 0.925977 9.57836
9.95693 9.66183 5.0394 8.94633 1.7087 7.72044 7.31186 8.24536 4.8399 3.26355 9.45291 1.30639 9.91998 2.01976 4.96109 0.968336 6.01459 7.85748 1.00535 2.87405 2.91848 1.41023 4.32668 5.09879 1.45224 5.81801 9.81613 5.63232 4.4883 2.24446 5.63401 1.83912 7.92227 0.62874 4.12254 8.52658 2.2098 9.80363 5.43854 2.98467 5.02525 9.18765 1.45305 3.80913 7.39493 9.10799 1.88775 6.15977 4.96527 6.43793
9.00451 8.75948 5.95392 1.12231 9.46606 2.23859 9.74146 9.95347 5.73964 9.30368 3.79635 9.08251 4.70614 0.484727 2.98817 1.5657 7.78086 6.92035 0.282022 3.77473 3.63119 8.74876 7.96839 5.13341 4.25268 2.04338 4.75389 4.78574 8.16716 0.973604 1.96581 3.41591 1.24681 0.797623 4.0994 5.72082 3.08154 8.63396 9.80114 1.3563 9.62743 4.82734 5.44052 2.83791 2.63847 6.3104 6.37152 1.91147 4.92443 6.45431
6.38969 3.82787 9.2026 3.17711 7.43155 2.20807 8.55231 3.12627 9.33971 3.65524 8.67233 4.77786 4.16621 3.16045 0.492536 7.41731 6.46428 2.42865 1.56036 3.0433 8.17716 4.623 9.6993 9.17617 9.07786 8.94622 7.97581 4.5172 8.21059 4.38857 2.10391 9.70249 9.69224 5.60941 9.46111 3.78168 8.57707 4.54344 8.09986 4.78861 6.53553 8.18654 3.65012 3.52233 5.93638 9.00088 1.94771 5.50045 1.36056 7.86423
0.269755 3.55234 2.00345 9.74719 6.56163 0.379572 6.67575 4.12157 2.01589 2.62111 3.13054 0.427798 2.95067 7.66728 2.11081 2.14676 5.46967 5.15589 8.09773 0.664113 7.99901 6.54911 9.86983 1.51571 8.25853 2.64056 6.41272 6.65231 2.16705 7.00324 7.92849 5.5165 9.4756 0.11187 6.1627 2.35115 8.44754 6.40655 1.8525 8.25592 6.49524 2.37063 3.94132 6.95184 4.70296 8.622 0.444222 5.2702 1.12353 3.88015
3.51145 5.99252 8.22164 7.68936 9.60577 2.17224 8.01883 5.08526 4.7693 3.27442 2.4151 3.9032e-05 6.81278 8.64056 5.34859 9.22922 5.30547 2.67447 8.18003 4.76721 5.33895 3.38477 2.15648 8.49135 2.43943 8.02661 0.807532 5.06167 8.95018 5.87518 9.89104 6.34077 7.19049 3.81965 3.25757 4.99859 4.36814 8.25386 5.44042 8.29861 0.526502 7.10758 4.15427 4.53146 0.0655021 6.13858 2.38498 2.63627 5.31616 4.49351
8.54035 6.24715 9.37944 3.2079 4.62472 1.28783 9.00867 8.9591 7.73446 8.63418 3.83691 2.53062 5.513 9.21142 1.82279 0.89623 7.58838 9.37293 0.523063 8.18072 4.95949 3.71736 8.72443 0.204262 4.17647 1.72276 9.33935 2.07964 7.2531 3.01501 7.69167 4.60753 1.92192 9.54546 6.91193 5.4564 2.17467 8.60565 5.64602 1.63338 4.60115 1.60924 9.27805 8.47556 7.28942 5.62312 6.54177 3.90295 7.10461 6.37079
6.21835 8.40963 6.32319 2.26498 4.27204 4.92164 5.88005 4.28101 6.17911 9.99662 2.48522 4.38194 5.98336 8.60129 3.37731 5.05806 8.00774 2.50422 4.74804 2.29692 8.86881 0.516213 9.6942 5.20237 8.10505 6.1777 1.41946 0.265912 8.71676 8.25835 0.14386 3.90233 2.19392 1.46256 1.6342 6.66352 8.65115 3.68657 2.49221 7.77911 1.5111 7.07853 0.587614 2.06381 7.00703 1.62821 5.05203 2.70253 8.27182 0.657147
1.41993 3.12788 8.63929 4.65693 7.63843 6.38559 7.8813 2.60479 8.44842 0.261391 8.36296 5.5534 8.99482 0.429072 8.50063 3.14971 4.73828 4.91429 1.1106 1.6024 4.28065 2.72006 9.54365 0.895157 8.2013 2.026 7.97042 6.0687 0.771963 1.89107 0.804752 6.30485 8.94111 9.23912 8.62916 3.87436 8.19672 1.43129 0.776374 7.51974 2.22595 6.97061 3.30618 0.920011 3.17428 2.3659 0.455168 5.65643 1.27659 3.61439
3.40122 5.8571 8.78333 6.31403 6.6064 9.43244 3.73822 4.1129 1.62389 4.04617 5.424 2.68454 9.78869 2.28274 6.62043 7.18902 1.46211 1.32636 2.04796 4.02102 5.76267 9.36348 4.33592 0.634808 0.615848 7.57335 4.96174 2.39651 0.400953 8.94119 0.869879 7.50227 6.91012 5.24325 9.75287 3.16006 2.14233 6.94808 6.20878 8.06043 3.15973 2.07639 2.15051 2.54774 8.6886 9.15465 7.60811 2.90056 1.92207 6.87133
5.95658 9.19584 5.6122 5.99884 1.93549 0.516458 4.83139 9.76294 4.04237 8.6975 2.37121 9.29556 9.97353 0.358301 9.70538 2.48786 4.91605 7.84369 2.25577 4.2891 4.49922 1.20081 2.42887 8.81592 7.01676 4.77315 8.65555 6.72983 7.18055 3.08539 2.24269 9.77149 7.64499 6.56421 1.48608 1.12037 3.74261 3.48813 1.30348 3.47038 8.71862 6.12513 0.938276 1.12272 9.65093 5.21909 9.17199 0.447603 1.92662 1.91297
4.40943 0.668696 0.864745 1.51831 6.50125 6.91664 1.08875 0.226548 4.64925 2.59283 6.47639 0.715232 2.27539 3.06033 3.18859 5.81713 0.254959 2.64859 4.89326 8.43815 9.49592 8.05875 1.88874 0.599023 2.27992 2.83887 8.59672 7.1648 2.2025 6.03617 3.71761 9.56796 1.2381 2.41134 5.54929 8.37074 0.330363 8.34553 5.10935 2.80352 8.21439 1.92494 5.4083 1.92963 3.99829 4.42775 5.75994 1.461 5.70333 8.056
7.28798 2.09756 4.92036 4.28842 4.1887 5.28347 5.99007 1.7896 8.6224 9.5502 8.74206 0.56275 5.54271 5.77001 5.28688 5.6905 3.76849 4.5802 9.03851 4.94284 9.86081 9.39859 9.29953 8.481 9.15356 2.59476 7.02873 1.31506 1.09558 0.940908 3.80991 6.43238 4.75572 9.29571 3.51312 6.85528 6.4636 9.5099 0.347628 2.28576 6.87768 8.17582 1.74442 1.73388 5.84714 1.38021 7.47257 9.92393 4.06357 9.58173
1.00962 5.80398 7.57476 1.74397 6.39382 5.11387 8.02624 1.74288 0.577796 9.10055 7.84898 2.57856 7.25411 7.52185 6.63916 1.1898 9.42654 9.87391 6.12969 9.85817 7.01732 8.61241 1.58962 2.38526 0.0388889 9.50103 7.71636 5.45721 5.60465 0.838859 4.52877 9.65523 9.96805 0.62658 3.16087 8.08827 4.89769 0.00403598 4.31739 2.42341 3.05974 6.27404 0.267698 5.57999 3.39636 7.51567 1.71953 5.04102 6.45257 9.1871
7.10109 6.43004 9.12017 2.84956 4.43321 1.68471 0.963838 3.32691 9.84068 5.69297 3.08469 3.62479 4.93506 6.75365 2.56628 1.20744 6.56681 3.13972 0.833326 2.30764 4.72408 0.146505 7.98468 6.82533 8.53315 4.85402 7.90364 6.84763 6.7834 9.78649 8.71156 0.87293 3.09018 2.57448 5.83207 1.37779 1.01426 8.21212 3.41626 1.87552 6.57648 3.49995 6.88777 2.06397 9.89848 5.72958 9.92945 9.16412 0.394368 2.57168
8.37529 4.92717 8.67112 3.04302 3.90392 3.04192 8.04628 3.35571 9.3806 9.21949 2.68699 9.8453 3.30192 3.80402 5.59831 1.63263 6.42866 4.26989 9.72355 1.30085 4.55039 4.68956 5.14174 1.56228 7.28995 6.43058 9.91701 9.29289 6.02692 8.36239 0.795083 7.76394 4.3699 0.761148 8.88481 9.68477 2.86034 7.19137 5.46602 4.84468 1.39563 8.13843 7.66933 0.399421 9.09518 5.24384 4.26251 7.68245 0.840174 8.33545
8.15065 6.13024 9.29959 9.89997 0.894943 2.65715 4.24383 6.45103 9.39677 6.16219 7.10739 0.7454 1.88894 8.46829 7.82567 4.99102 6.82607 8.38262 7.56134 6.21008 5.01931 2.82145 8.76767 2.55959 8.01196 8.47215 6.48383 1.49074 0.00092603 1.30701 9.99835 0.996299 7.53055 7.68058 2.17415 1.48188 2.99247 8.92103 5.14722 3.68671 3.23088 1.64426 9.40519 5.66374 7.50964 9.83054 9.71145 8.14878 7.09415 8.80118
3.54768 6.05427 3.98417 5.17773 6.49716 0.738901 2.87903 5.19769 0.644334 4.4094 1.66811 1.79482 5.06407 0.36093 0.441242 3.91782 5.54533 9.01337 9.56986 6.60053 9.75016 5.22256 3.31659 0.24696 3.84619 6.61523 2.7697 1.71804 0.348318 9.19569 9.60515 5.62302 2.01811 7.50393 4.69731 6.18494 3.65503 6.17248 2.87006 6.97418 0.15513 5.63516 6.22281 1.82395 9.98526 2.33454 6.11442 0.0317014 5.57944 4.20863
0.122559 9.79761 0.112373 9.57337 2.24073 5.15694 9.81525 9.24057 3.08253 1.34085 1.74558 3.98702 8.70531 4.91502 5.77677 4.52846 7.80627 3.89419 2.27749 2.20858 4.97944 1.54665 8.41791 0.304106 4.09157 5.46741 8.85568 9.4883 6.2114 6.22997 7.6521 5.77416 5.35449 3.60277 3.65136 5.42706 4.9726 4.70553 7.91795 0.953896 7.14346 1.92439 0.161394 4.83007 6.74703 8.74272 5.84135 0.0272568 2.38379 5.84295
6.2913 5.0594 4.01227 8.99109 8.01444 7.45459 2.09052 2.78348 8.02986 1.78161 6.67999 1.73648 7.70755 9.44385 6.01169 1.20455 3.43586 5.69647 6.48013 3.90126 2.03701 0.0987534 4.46913 1.37617 0.533173 5.87581 0.15522 4.48908 1.04042 7.42283 4.04951 7.53178 4.44391 9.78691 9.79296 8.27261 2.86402 8.64563 9.22727 5.91053 4.83293 2.22751 7.21079 1.15339 6.78113 5.48797 6.6748 7.34657 0.00576161 1.79118
9.73628 3.25407 5.98722 7.81376 7.99494 9.34067 9.30413 9.35006 6.33113 1.29913 3.53181 8.68792 3.16377 3.17744 5.85711 6.52952 8.95054 6.68626 0.759341 5.38932 1.61202 9.52229 5.91358 0.865665 6.01913 1.3388 6.93045 5.32727 0.00217322 1.59575 1.81968 3.76423 4.47904 4.35764 5.43179 6.65695 9.61429 7.12712 0.0488096 0.777678 9.90343 5.52784 3.64029 8.45665 7.76329 4.98689 6.00398 7.48152 0.96273 2.88375
1.54764 2.10829 2.78078 4.57372 5.03801 9.22742 2.44405 5.98309 1.29409 8.16885 3.97509 9.42975 6.79109 3.98405 6.03913 9.44903 0.087214 9.94863 3.81152 5.19331 3.35245 3.94957 8.78027 0.978233 1.73286 7.83742 2.10177 6.4939 0.0551057 1.64209 8.26114 0.135981 0.549535 6.77637 1.87009 6.19603 5.19002 2.80971 8.81408 1.90213 0.0880927 9.64712 4.12947 4.31546 1.80506 5.52578 8.63934 0.625125 7.77969 4.77669
7.4145 7.80848 9.54685 7.86112 2.57814 8.85913 3.9823 5.16161 9.54885 8.16765 1.182 4.15282 6.47605 4.5244 5.52214 4.15427 2.63394 0.0175232 0.88268 6.79788 7.15928 5.59888 2.08164 8.41985 5.83112 6.73835 8.82869 6.20319 9.71657 0.341439 6.1743 7.14729 6.00952 4.36982 7.14778 3.23431 4.15064 2.79696 3.48496 5.22155 7.19721 8.16692 5.95966 3.72522 1.57702 7.49232 5.21147 3.49143 5.10231 1.61195
2.89749 0.513325 5.96201 2.50235 2.25757 3.30511 9.87346 5.55596 8.12246 6.86354 6.15458 6.577 4.37184 2.49843 4.90159 4.43238 0.155989 7.54585 0.231358 2.37783 2.13907 8.88973 0.678892 3.60495 5.10635 5.8302 7.57724 0.901901 8.92529 2.78967 2.03703 3.11334 3.61631 3.47933 6.28739 0.738969 3.46561 0.0703981 8.91227 0.323533 3.60683 3.62443 8.41765 9.41208 1.22017 5.47918 2.78452 1.26264 5.13059 0.662253
6.08881 3.63515 3.67514 7.86794 9.64884 6.2723 2.26587 2.79406 2.68602 3.70654 6.7417 8.59069 5.70499 9.28724 4.47607 3.74539 7.14328 4.17838 0.935622 6.77635 7.28299 2.89049 8.90419 0.491604 1.71245 6.4145 8.05945 2.239 0.805647 6.94148 7.35114 7.193 7.63068 6.02871 7.77473 2.45902 3.90493 1.97099 0.306437 3.63695 5.46611 7.91406 1.17522 7.46221 0.269816 3.43352 5.09471 0.850398 4.91201 0.822645
5.56056 4.77074 5.61317 9.23594 3.42152 2.82767 6.82672 8.87423 8.55433 9.82889 0.485341 1.6157 8.00514 8.89926 9.68359 4.82453 8.67881 5.92176 2.56266 7.79596 4.61831 3.47075 4.64858 4.53927 7.31996 6.93022 6.22299 2.5032 0.396038 5.78022 8.87481 7.17526 2.78857 7.23763 8.44177 5.14714 6.35651 6.04917 9.57587 8.32466 5.08686 0.939503 1.67233 9.81137 0.511385 0.867626 6.35221 7.27243 1.71469 3.4326
4.76587 7.91832 9.86903 2.6625 7.08386 5.14624 9.79989 4.65052 6.08542 0.699013 8.49924 5.50538 7.14511 6.18272 2.81218 2.64292 4.45474 8.82421 8.59091 6.18908 3.60814 5.31306 2.18508 3.81442 9.71598 4.56334 4.20426 6.64637 3.92773 7.53112 1.74915 7.33652 7.17183 5.19961 6.50697 9.87771 9.89885 0.410169 0.691219 2.17072 1.17521 6.97578 8.46966 1.40591 5.97066 6.78854 8.67211 4.19462 2.10167 9.65229
8.74208 0.765784 5.12615 5.2128 0.35963 9.88376 0.263826 3.41894 6.56568 9.94441 6.43093 0.510989 9.56352 0.203991 1.83017 2.23194 6.2676 8.42313 9.49822 5.69657 4.27738 8.40294 8.8062 3.30001 7.95516 6.45933 9.93175 2.35877 0.291442 7.98299 3.16695 1.12532 6.06745 9.84727 9.30474 1.31906 7.19098 5.85955 8.55842 4.50012 1.47083 1.27639 7.20815 2.02319 0.31906 2.89803 3.61778 5.07235 7.66767 0.975295
1.75971 9.71132 9.07461 2.28145 5.59717 6.22886 7.1029 1.57281 5.8337 2.71537 8.79557 4.69487 7.5582 5.99404 1.74633 5.25604 2.52383 1.08151 3.83464 2.55016 0.264212 3.71359 4.22173 5.84233 2.48046 8.83871 8.11305 9.23029 0.167714 4.88275 2.73006 1.3512 3.26781 2.62277 5.12286 4.08447 5.68033 8.30684 6.93888 7.29097 0.817312 1.94194 4.51037 7.06705 2.81359 1.52068 9.30243 5.23653 8.54904 4.07598
0.414215 6.71658 6.70309 7.67909 6.97406 3.24594 2.68929 5.16518 0.776558 3.13894 9.17545 9.7339 7.83434 0.124946 1.13733 8.96326 1.78637 9.89652 7.1445 5.07897 4.94562 4.83478 0.942323 0.586832 6.96374 7.57052 7.25845 3.30594 9.86096 6.24148 0.62636 1.8253 7.10341 3.83828 4.59561 1.72013 0.275149 2.5517 3.47766 1.71999 2.59642 0.273866 6.70644 8.8328 0.24349 8.71811 6.28365 2.99869 6.52306 1.70399
5.52684 2.04043 8.04931 5.98126 6.50259 9.98979 5.77424 8.36662 3.99651 7.69122 1.02423 9.82008 0.287801 8.48666 8.23696 3.33293 7.52138 8.91013 9.82734 5.78978 9.64631 4.58837 6.45591 4.20717 0.866564 3.12661 6.77302 9.89619 7.68854 3.08644 6.30943 4.68785 4.78852 8.36792 5.35511 6.78799 1.35406 9.50591 3.4771 9.88428 5.61864 5.81044 0.0186822 3.69888 5.32225 5.33242 7.03376 0.0873537 6.54658 7.1971
1.70757 9.9221 9.20606 4.46854 3.99428 2.97886 7.60121 7.44672 5.77851 8.22098 1.35252 0.106588 5.36194 0.449362 8.02906 5.2673 9.59823 1.40478 7.19759 5.69881 0.574445 7.61495 0.525274 2.76824 7.36382 0.625477 8.318 0.360179 7.67446 0.423358 7.54125 0.912283 5.48101 7.55694 9.64642 4.90345 6.05761 6.15451 9.7889 3.67742 6.37475 3.79801 1.3598 5.27825 7.16602 3.82944 1.00653 7.6344 3.94477 6.32697
6.10733 4.60775 9.5738 9.80862 5.29376 1.39645 0.702868 2.22435 3.63105 4.26729 4.61208 9.01217 1.70983 9.69766 5.48779 0.257935 9.03663 0.671501 3.66124 4.87967 1.58031 9.39736 2.0723 2.9457 8.87532 7.49472 9.66493 9.23315 2.08963 8.33273 9.72859 4.88796 0.836513 5.89929 8.5559 8.57977 1.51998 0.270989 3.69874 7.70953 9.98872 9.07704 8.96217 1.37262 3.64577 6.88519 1.35191 2.35994 7.62874 2.87876
8.81141 3.1163 3.99582 5.45721 7.09896 6.43247 4.73389 6.06209 8.12302 9.69492 5.2952 4.0549 9.94737 4.82094 7.54681 4.61179 5.60791 1.88927 5.32822 6.15342 4.4715 1.09489 3.38814 2.15279 9.00249 5.04391 1.29681 2.20527 6.79655 9.68298 7.39601 8.67056 6.15946 5.09548 3.05914 1.52133 7.18768 0.31775 8.11474 2.7548 4.32366 5.77466 9.77648 1.36814 0.17075 9.75494 4.36596 9.87789 6.41989 5.24481
5.69593 3.3982 8.66854 6.93213 0.68516 6.65559 9.19471 0.177154 5.24719 5.64738 2.56379 6.61251 8.76456 0.322478 3.68611 2.65359 4.55204 0.746251 0.0968555 1.95987 7.27399 2.00868 6.58333 4.27845 3.59895 4.45238 2.45385 8.32103 6.61906 4.29696 1.85226 0.366288 1.1404 9.32252 5.22934 6.68482 1.82806 9.92302 0.447072 7.53276 6.17607 8.74742 8.10282 1.61644 1.65998 3.94953 3.39923 5.07949 9.40735 6.88943
5.68448 2.40066 6.55902 7.98581 9.67311 3.16832 5.517 4.73687 2.91058 7.74147 5.25271 6.8625 3.0851 8.52218 1.6096 5.7329 2.96533 1.45349 3.22575 1.05726 5.29292 5.35696 3.16047 6.55486 6.52118 4.52725 5.48584 4.08809 7.46018 7.32752 6.87561 2.42255 4.99259 4.19902 1.97896 6.84499 6.9894 5.21586 7.4453 5.22406 2.69024 5.08708 0.487032 2.59985 3.18345 4.55257 1.7048 7.13564 3.40679 5.38806
1.0871 7.30799 9.84619 7.29566 2.34742 3.78972 4.92893 4.66939 9.87266 3.42227 0.680467 1.74241 9.25362 7.82815 0.409581 3.94872 9.46374 1.25084 0.0690297 4.07577 3.52685 7.00434 1.03556 3.79206 1.29614 5.54185 6.70904 0.432632 4.65293 3.63168 4.15266 1.56727 8.13741 2.92287 6.97664 7.58099 7.48134 9.02722 6.65594 1.46193 7.04851 7.64491 5.14023 0.963657 8.05869 6.74074 5.69582 0.520233 6.21159 9.68575
7.43348 7.7579 9.76162 5.44683 7.3269 2.9484 8.04655 8.25987 2.94564 4.59099 0.886084 3.29072 7.96965 6.00931 0.316537 0.876894 0.287587 0.249195 8.42998 0.252322 9.14652 6.3397 4.16822 7.58859 9.78068 5.66283 5.30581 0.728096 9.47302 3.70568 3.78151 7.11579 8.48517 4.87871 0.457832 8.55699 9.88848 7.49121 9.50679 6.85239 2.75925 4.15345 6.4587 9.83962 7.0529 1.19212 6.72529 5.3587 7.43169 1.48026
4.16741 2.77379 1.94451 4.14352 5.09696 0.923126 9.73979 5.72671 9.19966 3.98067 1.487 7.05826 4.78792 8.42314 4.94555 3.21436 4.31621 2.44847 0.826304 2.98546 7.42669 3.13341 2.36348 2.72998 1.19567 0.193031 1.36416 8.81542 1.189 2.22591 0.805979 7.06123 7.45223 4.50551 0.369459 0.308236 5.14296 8.59681 5.48881 2.16343 0.85339 6.19996 4.16542 2.97966 3.10075 2.57035 4.66776 4.1754 5.1801 7.68077
7.1452 6.03577 3.87496 2.88874 1.04313 9.12222 2.16169 0.888034 6.43191 9.38468 1.82145 5.46696 8.39832 5.9079 6.89111 5.26472 2.18072 1.14781 2.15225 4.81727 7.04132 5.87453 7.17001 1.24552 3.97763 6.4706 9.92347 3.46918 3.35203 1.06104 1.52797 5.08909 8.6267 9.95326 6.06512 3.28893 5.79455 1.3041 2.16736 6.17452 7.6905 9.09988 0.756377 0.0767429 1.26008 2.65804 5.72504 3.36036 4.30814 4.85973