20 20
1.31538 4.5865 2.18959 6.78865 9.34693 5.19416 0.345721 5.297 0.0769819 0.668422 6.86773 9.30436 5.26929 6.53919 7.01191 7.62198 0.474645 3.28234 7.5641 3.65339
9.8255 7.53356 0.726859 8.84707 4.36411 4.77732 2.74907 1.66507 8.97656 0.605643 5.04523 3.19033 4.93977 0.907329 0.737491 3.84142 9.13817 4.64446 0.50084 7.70205
1.25365 6.88455 6.29543 7.25412 8.88572 3.06322 5.13274 8.45982 8.41511 4.15395 4.67917 1.78328 5.71655 0.330538 4.9848 7.48293 8.90737 8.4204 2.12752 1.30427
2.74588 4.14293 7.0982 2.39911 3.1754 6.52059 6.81346 3.87725 1.47533 8.45576 9.55409 1.48152 4.08767 5.64899 4.88515 9.61095 1.99757 6.29269 6.51254 8.03073
4.76432 2.0325 9.01673 1.42021 4.10313 8.85648 1.62199 3.65339 1.35109 4.55307 4.523 9.31674 2.15248 9.08922 8.6086 5.05956 8.17561 4.62245 6.32739 8.24697
7.02207 9.54415 2.89316 5.14435 4.14028 8.76566 7.29748 7.15642 7.06535 0.190924 5.24987 0.651939 4.88943 6.82049 9.16634 8.90019 1.39195 9.89362 4.46023 5.14659
4.39726 8.0665 2.11519 1.53604 6.1635 0.00878999 7.27335 4.17724 6.80562 8.3642 8.28708 0.817376 6.29572 2.13547 3.88823 9.47545 2.69215 2.84035 7.83865 2.82156
0.113162 9.83236 8.19726 3.98144 1.7688 1.57731 2.57169 1.01637 6.34717 7.9477 7.5294 6.3343 5.98217 3.18778 1.17437 5.26123 5.87989 7.02989 1.61688 8.60226
5.56836 3.16007 5.28548 5.88119 4.30848 3.70226 4.46866 3.87831 0.782632 2.53922 6.76237 7.28608 9.44753 9.40163 4.60434 6.61355 6.0564 1.50394 3.43818 5.22808
0.149506 6.42979 9.17848 9.70087 8.43975 4.55752 0.220837 7.0695 4.36638 7.5171 6.95679 7.53863 0.0425392 0.799169 9.03301 7.46679 0.0634169 5.18478 5.44023 2.15826
6.26861 7.0932 2.80289 3.7191 3.10169 1.03797 7.7588 0.552788 1.60274 2.97022 4.77804 5.19988 1.50312 8.33682 5.77776 3.31175 9.86883 0.0165742 0.293555 4.89652
7.38959 5.36267 1.22507 1.88276 6.14126 1.25933 9.54028 8.38102 2.59014 4.24336 8.97914 7.60617 4.51851 6.65503 2.09562 5.46975 1.75974 4.31908 6.87414 8.36207
9.73346 0.803531 7.69437 2.50155 7.69114 7.49252 6.81666 0.363676 2.21667 6.52622 3.71466 2.33691 1.65928 1.59758 6.61994 9.49157 6.21046 0.179445 7.21872 0.536944
5.19175 0.653563 9.7718 3.29056 7.43274 1.71379 9.39725 2.54957 1.23849 1.60083 1.05185 3.68562 3.27228 5.76776 7.58246 6.99791 9.35242 3.62084 4.55072 2.4044
4.21579 2.89766 2.16386 5.27439 8.63643 7.11564 3.82822 4.59763 7.95353 0.0322878 6.64689 1.86825 1.34039 9.46045 6.06001 3.47492 5.09658 8.34338 3.29434 6.31763
0.414204 7.67065 5.19303 2.20516 0.889927 7.06461 2.61779 3.78366 2.32608 4.69498 9.77238 0.342431 0.316388 5.91588 3.29579 5.36528 4.03581 9.6691 8.67514 1.4839
6.39523 9.31915 8.15407 5.72807 9.4525 1.55414 3.43613 0.965383 0.22405 8.56876 6.74525 6.9846 1.91984 3.45872 1.4071 2.21656 5.86016 0.263397 7.62344 0.773243
9.25503 4.30446 8.31256 6.01638 5.19337 1.61419 5.7436 5.31427 6.67049 5.48736 6.67965 5.71583 4.41313 5.02275 0.316565 5.22063 0.350595 1.07181 5.51829 6.11111
7.7203 4.86681 6.96996 4.8685 7.1045 2.76647 2.80104 5.3049 2.35403 5.97476 9.20252 8.21177 2.3027 8.99521 6.51515 9.35936 8.58766 9.52431 1.2295 7.02471
1.07739 0.998656 3.44576 7.57621 3.30758 5.73183 2.02482 9.74348 4.91841 8.04912 1.5958 1.49251 3.80608 4.24134 6.51295 0.601425 8.97657 9.01218 1.70796 0.314038
20 20
5.22215 2.77198 5.86862 8.11895 9.39871 5.79863 8.80784 1.89549 7.18919 0.72869 8.7906 0.898531 4.16796 6.74693 8.13047 7.6936 8.96524 4.86471 3.77485 6.87578
0.768218 4.77641 2.38019 9.75881 6.81199 3.624 7.94278 0.73511 4.83873 4.99657 9.32843 1.46196 0.80322 4.08177 9.6316 1.9808 1.96307 5.75679 5.85675 3.68203
6.00133 1.48787 9.95401 4.0274 8.19527 3.74249 4.79779 6.46495 7.99035 3.57672 3.34307 1.44897 6.66856 3.14699 6.02249 9.2083 5.16531 2.64133 8.33648 6.34619
4.58046 1.55873 6.65973 7.94881 2.88654 3.20611 7.19155 2.31895 3.73359 0.738503 5.66183 4.22552 2.93043 3.57526 5.89419 4.63059 9.44452 0.504816 5.95927 8.64172
1.04579 8.33378 6.58594 0.18916 1.94679 5.23072 7.19795 8.37082 6.59888 6.43027 5.34876 3.23429 4.4237 2.76668 1.17238 8.36375 3.32928 5.35956 9.2989 2.43229
5.96723 2.46974 1.96178 8.35997 6.23243 6.71648 8.71284 1.15607 6.76065 4.54547 0.322694 8.55082 6.61425 0.599598 2.79493 1.7642 8.97245 5.94159 6.90932 5.6934
4.34503 2.03158 2.72443 2.443 4.76952 9.61436 2.1741 7.82475 9.60055 5.734 1.29043 5.01854 5.05059 1.18397 6.68904 3.86707 8.31097 1.23444 6.48075 8.48695
1.05562 3.60967 7.19204 5.80969 1.57154 1.6911 6.71352 8.8651 3.41848 6.99639 7.91982 2.8222 1.69961 0.731837 7.50171 1.646 7.73202 4.33928 9.29321 2.66287
7.9278 2.13916 3.80628 9.28528 6.16563 3.56334 1.97901 7.9114 0.182512 1.14529 6.54629 3.82413 3.31292 9.14368 3.93451 8.31551 1.29609 9.4207 3.5206 5.71891
8.44201 8.17317 4.35375 3.49157 9.19119 7.4458 7.76418 6.12058 3.14608 1.25922 1.33293 1.26031 7.50525 4.58914 2.34676 6.83946 8.54236 1.20177 9.44193 0.602624
1.41179 2.27488 5.99194 0.537268 8.12305 0.318384 9.74467 6.7108 2.38217 5.89708 2.27762 4.47814 9.33005 5.13499 8.59511 6.09468 6.24005 6.4439 0.260003 2.07749
5.60325 1.20691 1.37716 5.426 8.866 3.62593 2.99211 9.13002 9.70299 7.97872 4.4872 6.93926 4.68209 4.01555 4.67209 5.17596 8.99267 1.36994 6.89134 4.09278
0.312551 1.92647 2.74869 4.08626 7.22293 6.32939 0.00275349 3.46431 4.92207 3.18549 1.38002 3.86913 0.561348 7.65532 9.61921 9.99092 3.49783 1.99 5.42825 2.01617
5.13759 6.0802 7.9845 1.46671 5.23785 5.71627 6.78709 8.44641 3.32073 7.44075 4.02784 5.55453 6.14501 6.13926 0.396633 3.43489 1.71394 4.23845 7.30373 3.65644
0.866058 4.18166 3.25262 5.63984 5.3186 0.602413 1.10132 5.49515 1.27237 0.59347 9.17977 8.58511 5.49302 8.46325 6.64346 9.73193 1.59347 2.83333 5.97956 0.62886
9.49394 2.82231 4.30824 1.98631 7.59196 6.72739 6.83365 1.68483 9.20936 0.0381843 1.78152 6.68274 5.17482 4.66967 0.936437 4.45121 6.52046 8.8235 2.03913 0.160746
1.09083 5.61133 2.45494 0.300402 8.86352 5.47401 4.87048 9.36609 5.48907 7.53337 1.72459 3.80426 9.67038 3.0139 8.90453 2.50356 8.39556 7.08479 5.263 0.915335
7.8213 3.07859 7.56626 6.45346 1.54232 4.55199 1.62428 4.09058 1.67285 9.85431 3.3357 3.54326 3.2215 6.41376 0.376828 0.782141 4.91122 2.52718 6.58614 0.0166435
1.0087 9.55516 1.65406 1.16442 9.60956 2.2039 2.54563 2.43011 5.49228 8.51649 5.5761 9.01996 7.59697 9.9829 3.7504 7.45522 7.66313 6.41665 1.02468 8.63361
9.30975 2.91166 9.754 8.30669 1.89622 7.65209 0.323388 3.75437 1.93147 5.96947 5.49478 7.76984 7.08398 8.83565 9.94661 4.99773 7.48435 6.89707 1.71227 2.82828